3864	0.0787887
3867	0.00642695
3873    0.0245579
3874    0.0362609
3876    0.0566609
3879    0.05556027
3883    0.133387
3884    0.0115831
3886    0.0198154
3887    0.0270511
3888	0.0734696
3890    0.040597
3899    0.0362266
3900    0.00614232
3901    0.0182524
3902    0.17652
3906    0.0166583
3908    0.109195
3917    0.103296
3922    0.0195672
3924    0.129373
3928    0.0681244
3934    0.158873

4751    0.0659225
4752    0.219662
4753    0.00682739
4755    0.00646392
4762    0.00418679
4766    0.00267844
4768    0.149708

4771    0.091368
4774    0.0565779
4775    0.0576866
4781    0.334245
4782    0.05602
4785    0.292333

5118    0.262947
5195    0.30447
5230    0.259226
5543    0.30755

5659    0.0348224
5663    0.0155106
5664    0.0416559
5666    0.0480823
5668    0.0743918

5670    0.0656519
5672    0.0262
5673    0.0127511
5676    0.0138578
5677    0.0198061
5678    0.0206993
5679    0.0674536
